1018552935751
1021076252581
1020273457969
1019399682579
1021057964980
1020878948871
1018504967125
1020934700492
1021066064827
1020926864776
1020835288055
1019211102545
1018775939747
1019434486519
1021019524575
1020243765911
1018732403199
1021021840315
1020208025178
1020288597070
1020293921978
1018588059321
1019175378947
1018619683454
1019421314974
1018547699718
1018525883087
1020294285850
1020982348601
1019159218757
1020082541118
1018703707577
1019432774678
1020288621147
1021061784537
1021072956566
1020801184094
1018602999745
1020899936720
1019151902738
1021019172647
1020025693937
1018715475687
1018722663592
1019343838129
1018719079273
1018621155713
1019264710612
1019420958240
1020288025367
1018693711046
1018687047124
1020821196971
1021063872990
1020812488300
1020989244808
1019286026335
1019428746531
1020288085672
1020156985201
1020122689372
1020204929861
1020974004974
1020054081225
1019285662032
1021009172123
1019249774500
1019385818965
1021049352252
1019416502535
1019449526434
1020977924328
1020199141763
1020868456373
1020077529289
1018768571912
1019320658381
1019205686128
1021081308555
1020054581278
1018672155835
1020102969366
1018791687986
1020206353219
1020910592719
1018711619740
1021087072525
1018787747034
1020945016254
1020844092960
1018547639648
1020255677846
1019407374963
1018531903619
1020810444776
1018733767332
1019347142182
1019278358852
1021045772296
1020889568662
1018545591265
1019404846653
1020095997911
1018761935584
1018750095294
1020097301129
1019381230376
1020020277803
1020805876889
1020902320311
1021057936434
1018749027587
1018778371456
1020300641968
1019297950612
1020895864146
1018566855570
1019343102926
1020983064175
1020086905934
1020984608477
1019437806092
1020295033405
1020272557066
1018711735171
1020064609831
1019153542065
1021084768484
1019362202337
1018624027050
1020309329112
1019362150369
1019328438530
1019253110620
1018715747542
1019422094762
1019362022242
1021067236777
1020156921673
1020236589605
1019212670499
1018629427728
1018765199535
1019222146671
1020901472402
1019435462251
1019432798452
1020183389402
1019362022256
1019156174877
1018785511860
1019187866766
1021093428699
1020058101198
1018518647465
1019263582636
1020880608618
1019256510184
1020912576977
1020939096198
1020085597531
1018711819203
1021068504268
1020297509899
1019181418934
1020085601673
1019316922539
1019364070680
1018711499225
1019409466322
1020893356125
1020296029895
1018609631701
1018713003527
1019365202995
1018530775528
1020282513858
1020099305550
1020106945411
1020286673872
1018766195231
1018715755248
1019411810400
1018710595667
1019408498176
1018592339260
1020283121091
1021074636928
1020167653823
1018678647437
1020816488575
1018706479410
1021001532203
1018648611505
1020905532745
1020907096785
1019320382570
1018579875135
1020072033865
1018789247181
1021059384178
1018692599746
1020979464476
1019272542272
1020289681430
1018752123519
1019389886311
1019158206423
1020203465067
1018612427439
1019406266002
1018598879716
1018521471162
1020207833627
1021096248084
1019430514038
1018629059968
1019270062123
1019237426372
1020972632733
1020809004993
1020796088864
1021071724046
1019218382201
1021059084684
1021018952973
1018530503703
1020039621616
1018666355717
1018523011495
1020831484316
1019270898483
1019241834862
1020819692702
1020043849494
1020113141685
1020161001003
1020283789100
1020058077196
1020058353164
1020907004077
1020251317222
1019326258584
1019132046651
1021075292606
1018783623662
1018663295867
1019233470704
1020110357555
1018635203068
1018749995766
1019141486888
1019438134856
1020923536966
1018772699256
1018715775282
1021020276194
1020038697959
1019373182162
1018711747524
1019233330213
1020038645256
1018529499378
1020798812182
1019341874845
1019316018286
1020152585780
1020928372190
1020233725892
1019266606279
1018711575587
1020248217400
1019413654409
1019411734776
1019176158888
1019325918402
1018528703415
1020317317725
1021085972271
1020101525971
1019427002543
1020969072702
1018764139644
1020102817897
1018776263675
1020266201027
1020162269104
1018751983903
1018590175575
1020295609490
1019362298203
1020319361613
1019365434109
1021089856433
1018786251739
1019439354755
1018621287705
1018711199824
1020205665756
1019291942084
1020066793602
1020881904495
1019410734801
1021048348403
1018715415847
1020243873734
1020256065299
1018781383007
1019361614850
1019155654992
1019433490632
1021019484284
1019148762700
1020057741669
1020077005647
1020937296323
1019366414059
1021023432535
1019361954443
1018526679296
1020298329898
1020813260336
1020283073932
1018619255444
1019262658358
1019244606333
1019219346927
1019176318766
1020232273678
1021063084183
1018773343609
1018778475366
1020136113211
1020888436566
1020244121659
1019238902393
1020068465191
1018571411041
1019414590351
1018540347631
1019221238912
1018756783392
1018715563316
1020154637517
1018614015320
1020877572216
1020136169468
1020836560377
1019415974661
1020179349587
1018775791003
1020286629670
1018603311466
1018665947521
1018736519938
1019230978895
1019386046053
1018766707444
1020931844130
1018620471407
1020257097358
1020853944423
1020270457033
1019300910522
1020295769214
1018542455829
1020067861119
1018734967158
1020269409051
1021055176674
1019415838623
1021020264434
1019392314201
1018711139982
1020284673054
1020815132006
1019449266227
1021095352124
1021075312228
1021074940409
1020209365272
1020068001332
1020244277436
1018526351777
1020094781931
1019361982471
1018501563436
1018776691973
1018601591420
1018756919963
1020889304455
1018756883786
1020210697500
1021022640784
1019324886147
1019133774591
1019426878329
1021072612039
1019232454753
1020292245382
1021071332035
1018707283486
1021060644839
1018619811713
1020331145473
1021016672453
1021079972474
1020247489959
1019358542545
1020847172462
1018729403817
1020207941729
1020107157879
1019401798187
1019325962908
1020225317591
1019266566935
1018782087922
1020814860503
1019414906215
1018770319178
1018621471829
1018555355748
1018715531898
1021000384569
1019170163000
1019185802358
1020294645703
1019176454636
1021022640878
1019243950254
1018526099027
1020089801591
1019147378882
1021094480675
1018756975405
1020835460812
1019158122606
1020304353919
1018523571658
1019392042098
1021019160765
1019301510351
1018613879867
1020863416235
1019411022421
1020792932460
1019254110025
1020977440750
1019436198448
1020861196986
1018496687051
1019326246107
1020300789016
1020945912573
1020291173027
1021019716287
1018766615505
