1020356812979
1018046227667
1019536529140
1018001467436
1020231348099
1018451550611
1018510046808
1019583813790
1017969179796
1017851107500
1017960443039
1017966911985
1018554866958
1020335316255
1019416233166
1019384969377
1018696886240
1020293644797
1020332568440
1019445669106
1017910951234
1017814223302
1020122552336
1017828871509
1018582586901
1017884319515
1019530409244
1019333453456
1019531097555
1019379345303
1020146088817
1020268916794
1019464341720
1017935775699
1018683186297
1020103356330
1020335916869
1019574853352
1019535073834
1018546602518
1018671206534
1020162240181
1017865651409
1018498438185
1019563061151
1019573965656
1019330773423
1020326420871
1020193720459
1017879147041
1020338024996
1018570166844
1018538250901
1018577222911
1019588037610
1019365845852
1017892235254
1018042871350
1018557838297
1019413993946
1017823951761
1019564845208
1018700146838
1017995279973
1019414009622
1019333201885
1019417421192
1018024271526
1018479922672
1018608886477
1019452997469
1019414409314
1020175024588
1017897479980
1019432781063
1019529169274
1018648234310
1018583254308
1017840207998
1019549281554
1017993527037
1018524814996
1017997195594
1020268640491
1018591710114
1018682814434
1019518841089
1019585533003
1018561518908
1017972395203
1018612590058
1020266116203
1018616326347
1019464921566
1019505113712
1020324032789
1017900567327
1019537825530
1018665062051
1018476470152
1018677658732
1019530701758
1018553170799
1017892271137
1020355120664
1019459365120
1018054203754
1020215584411
1019425421462
1018029427235
1017905827062
1018509526737
1019486453149
1020197372665
1017932843721
1020276528649
1018646570649
1019525473366
1018692026091
1017999275324
1017910127406
1020359228525
1020147584801
1019512329193
1017823043668
1017858807707
1019385001515
1019415833180
1020354068876
1018471662094
1019445681495
1020216556569
1017881539181
1018451498272
1020363780231
1018058683422
1018039279732
1017984723729
1018689682088
1019465001770
1018543966671
1020215632314
1019572317782
1020193232705
1019478021788
1017872279836
1018687442710
1019530385261
1020283584174
1020316652639
1019573213845
1017989939892
1018545654821
1020293692841
1018651414454
1017986575922
1020168420330
1018501394732
1017952627442
1017828779573
1018694858416
1017957071658
1019568741407
1017966243356
1017947715206
1018451294020
1018595902367
1019425717031
1020126328263
1017920831378
1017835383420
1018460354449
1018558154954
1018617094956
1020342540242
1018639622825
1018506510776
1020234820920
1017933227039
1017885343454
1020165300217
1017918503188
1017860159748
1018583134930
1019425537228
1020313908132
1017897343976
1019422097040
1017842307102
1018654462135
1017944987582
1017800631466
1017958331844
1020300992693
1018040291678
1020195096491
1018685294996
1019583677461
1020114500194
1020281584506
1020194624910
1018485526976
1019412013543
1019460193523
1020099672242
1018546050734
1020288032656
1018620754495
1019546049917
1019425389288
1018519794072
1020273220023
1020136272239
1020281232465
1019452301537
1018680206668
1019452761184
1017941783961
1018588990366
1018516958154
1020194876109
1020171916172
1017816203054
1020329208158
1017855115691
1017921239365
1020234252877
1019450369706
1017826023152
1018577530229
1017867555734
1019423017613
1017913963451
1018531522845
1020177372609
1020185204052
1019403661934
1019333449470
1019587597173
1019424825284
1017838523496
1019361737862
1018574014284
1019382309357
1018532642153
1020214980844
1019553997323
1017901427051
1018454830835
1018570962897
1018669374924
1018558162805
1018677342389
1019464229812
1020184084336
1017956671097
1019579497564
1020310292320
1018564370681
1018588598991
1018040979233
1017800647274
1018526710833
1017900287383
1020135216598
1020311036483
1017862083195
1017895943155
1018666362753
1019500489814
1020352076737
1018583490359
1019451189037
1018595330844
1018634922178
1018525234045
1019489581734
1020329512246
1019438277907
1020173544381
1017934151178
1020248132011
1019487485868
1018475982460
1018012443543
1019438485673
1017913939468
1020102816692
1020212504872
1017847131801
1019586793803
1019562729553
1020191552677
1018451214930
1017903743488
1018028319468
1017885003140
1020359504456
1018033143021
1020333724527
1018583898133
1020133072035
1020283580551
1017944739631
1018039267475
1017826455498
1017848511106
1018033651917
1018016679264
1017853071716
1019369721559
1019428473585
1018001987285
1018042351140
1019479717184
1019460481457
1020341276655
1018005579201
1019432105883
1017863859424
1017932519656
1019401657343
1017844515864
1020212896316
1019460801626
1020333848563
1020268920322
1018537278248
1018489986371
1018584246138
1019579945754
1017974431950
1017933167792
1019362629360
1020345652903
1017909371734
1017801791737
1020137236492
1019551697804
1019499169977
1020334500575
1017882199351
1019426421850
1020236984673
1018648138047
1017942543803
1019490733548
1019569945222
1019464829471
1020160316684
1020235424295
1020337684777
1020260852471
1017843907056
1017849115574
1019465781216
1017865931967
1018015543129
1018607242260
1020137240729
1020255084776
1018665078463
1020271640365
1019466781678
1018676018373
1019560313728
1019475081892
1019483253360
1020199384469
1017908827514
1018490634845
1017824143279
1020155244755
1018471934272
1019396745729
1018529490895
1020354236967
1018554478113
1020343956602
1017933555656
1020224224278
1018059247828
1018672606638
1018565310884
1017870915419
1020308068070
1019450325031
1020266748187
1018040935152
1017975279873
1017897063823
1018030631671
1018619210859
1017800467748
1018564222148
1018564226867
1017836151113
1019452117372
1019429701866
1018564754852
1017972455174
1018559214364
1020155600739
1018545406321
1018673230497
1017908311208
1017844859259
1017962943897
1020164380082
1017864659260
1018598042876
1019452473279
1020269104610
1019440869676
1018050347057
1018565110188
1020102204055
1017821775623
1017893491605
1018594338395
1020205296411
1019572005607
1017915819106
1018008575689
1018517666670
1018041575688
1017935859365
1018055983985
1018680206729
1019419749557
1017893499671
1018612138131
1018060071487
1018553690021
1018020819987
1020194788898
1020133508191
1019419097871
1020185464323
1018555494156
1020162920174
1019587469268
1019567405272
1019393857855
1017836735491
1019496313947
1019392245996
1020316920776
1018621322912
1018564534690
1020332256975
1018503638566
1020208056472
1020197868160
1018584290713
1018049167313
1018668590129
1019401013690
1017827271186
1018594122009
1019558209548
1020125744642
1018548054416
1018651322610
1017821899209
1020194924432
1020196832696
1018689682107
1018486902702
1020351220651
1017883951737
1017851739004
1018554558473
1017869887179
1020160148546
1017839779807
1017845627620
1020177484065
1018532806786
1017855859163
1018527282190
1018550482169
1017857507320
1020103284705
1018571310402
1020183444947
1020269288767
1019400773067
1019352769643
1018665918319
1017895319198
1018685150879
1018674982467
1019441645110
1019355741863
1020314340752
1019547461965
1017935015430
1019381721264
1020329152578
1019427141111
1017890383347
1019464173596
1020322064762
1018534666173
1019568169193
1017946591551
1018451542585
1017955107013
1017837931901
1019451993297
1019495717795
1018685126771
1017903595220
1018550862750
1018709446306
1020237980256
1017898167143
1020157904024
1018519606840
1019368885319
1018616586930
1018696078042
1018583362678
1018662106863
1019416597544
1018505778834
1017886779766
1018467682233
1017898191388
1020230388257
1019434053313
1017956103446
1019458629697
1020180912971
1018591298730
1020194460900
1019333709014
1017800467433
1019550917855
1020290508787
1020359236602
1020103536501
1020320744915
1020136440761
1019445765359
1018032815408
1020294136591
1018564930385
1020139760975
1019464573034
1020215388743
1018553970636
1020101904797
1017979091846
1019408541578
1020188068931
1019533097266
1020321700438
1020234008626
1019553025840
1018672274665
1018042351523
1019423545422
1019508173805
1019330757423
1019490509418
1018507542681
1020186548484
1018583510325
1017906851582
1018526498714
1019532309192
1018505650856
1018509630659
1018457442665
1018597574424
1017842943509
1019399757700
1018643358669
1018579610514
1020155140707
1018661926450
1018704610815
1019501061346
1020232400453
1017935615156
1019586025395
1018679946874
1019497017718
1019464985878
1018543878290
1020171944079
1017980643440
1019537565851
1018541218552
1017981979360
1020215688385
1018710218543
1019569309236
1017906375755
1020163768299
1020274532762
1019538413531
1018699622014
1019572737704
1017993699933
1019352037810
1018566394169
1019514789207
1018056795438
1018512774936
1018484106831
1018583150742
1017914903829
1019415577332
1018482394994
1017856359498
1020236976566
1018548402299
1019384093306
1017853039861
1019466649306
1018564342309
1019368521815
1018637098109
1019468917999
1020209112509
1019530069955
1019554233785
1019503409995
1020336208933
1019401709328
1020360732297
1019527905874
1019426677588
1018615690218
1019513757650
1017897991231
1017855879516
1018706642808
1018547598985
1019438621337
1019397577693
1020168364593
1019562961072
1019474545405
1018032299202
1018584362628
1018661926786
1018636014885
1017913415411
1019498429053
1020265300519
1017914015029
1018619442082
1020328408186
1019489741824
1019424069297
1017908783589
1019466509128
1017871223472
1020328408180
1018483918876
1018646030182
1018661458053
1017984539858
1020214412090
1017907171820
1019589125725
1019539757266
1020215520425
1020348628455
1018583698885
1020163376257
1018034291729
1017839819070
1017887939589
1020319972564
1018579846241
1019437525699
1019414437273
1018449258127
1018617902429
1017958179783
1018546150818
1018695522343
1020127176716
1019424937589
1020137560833
1020329088815
1019479601423
1019543785997
1020138496576
1018564586750
1019516129966
1018590230149
1020348944690
1018682130584
1018677082537
1017999451535
1018500530577
1018029511581
1019585317086
1018502898037
1019446981804
1017935255996
1019450901970
1019333133979
1020130272845
1018007559275
1018680990693
1017938995279
1018467666601
1017944115521
1017924959955
1019393641543
1020147168486
1017874183590
1020175320858
1019428213476
1020151588247
1019580729114
1017860727763
1017853123633
1019550049422
1020292200580
1020236872247
1018583906150
1019557621702
1018034327741
1019535269266
1019445713439
1017854979265
1017807423661
1019406369784
1020212264532
1018530410896
1019381205848
1018502562376
1018706734827
1020284888876
1020196852803
1020102156147
1018653238143
1018591118705
1019418181864
1020326148831
1018041391247
1018027771833
1018672342431
1018698210974
1019354065697
1018709522616
1018507234024
1020229740815
1018635210692
1017899911184
1020148776418
1018633282703
1020249428227
1018543310135
1020359056652
