1018012825999
1018661744029
1016384775710
1017986753129
1017942681868
1018835104218
1016391435526
1018668336937
1017993373516
1017038170295
1018753876463
1017964421973
1017919357928
1016382575072
1018761084492
1018013517251
1016497191206
1018762788587
1016428035822
1018012429085
1018663620880
1017935189280
1016462611540
1017953153341
1018683700194
1017192370242
1017164618100
1018020101699
1017071014524
1017918449487
1017947929022
1018681520140
1017094686139
1018689836449
1017034866776
1018756328568
1016423515742
1018086861728
1016400571058
1018715072007
1016474247285
1017141254249
1017017506573
1018721176244
1018779704215
1017892217941
1018765172114
1017046686101
1017901913130
1017961837276
1017905989155
1018668092355
1016400471659
1018690860339
1018017301904
1016491127461
1017915941598
1018670192891
1017918805434
1018787292486
1017124286263
1017035482540
1016466071705
1016438223302
1016478079850
1018869392575
1016403903045
1017116654990
1017926605194
1017034038383
1017943581474
1017905089982
1017082894292
1017112734389
1017090266386
1017189062223
1018013261942
1017118654822
1016387415036
1016476763165
1018672716912
1017041642721
1017028774787
1017963901194
1018694600190
1018782648306
1017897669368
1016575595813
1018832344223
1016563211612
1018824676594
1017927905908
1018059901307
1016435907039
1018833416101
1017175286363
1018873564667
1017122766487
1017070466064
1017048030370
1016494687291
1018727992022
1017087266457
1018744392315
1016507879938
1017957253883
1017214070935
1017090646233
1017904857242
1017944013784
1016423427396
1016377239551
1018097037726
1017089230249
1018664348856
1016459867794
1017943581576
1017103222964
1016470383793
1017030994259
1018858528616
1016389579774
1017951325457
1016473835945
1018708628426
1018700888043
1017889417596
1016462863174
1016485927086
1016443035416
1017060306207
1017119994755
1018694280209
1017137574815
1017218246792
1016424323388
1016507203393
1016581651158
1017047994779
1017953469804
1017903245686
1016470267379
1018088717841
1018666428583
1017108034089
1017047978062
1016582027305
1016397135950
1016472395673
1016470007973
1018719268894
1017919673614
1018712304157
1018715176701
1018796136821
1018013053081
1016378555431
1018874160494
1018785888096
1016381663789
1016469303108
1018056617419
1018684472221
1016425287065
1017186978941
1018677496960
1016446347526
1016400879227
1017920665946
1018669232312
1017225822810
1017937937438
1016492619623
1016409827361
1018696724346
1017221814966
1018765140388
1016371199925
1017922685505
1017050754995
1017961953689
1018104409368
1016529151677
1016385115613
1018785464603
1017966033759
1017225038447
1018832312299
1018692272672
1017901161014
1016439367348
1017021722586
1018768200564
1016436107956
1018058301156
1018691612357
1017913553289
1016383067782
1017052506580
1016476883570
1017919301544
1016374847279
1018835256714
1018876372108
1016402055924
1017195046833
1018693016133
1016532747328
1017136382520
1017046774894
1018033237690
1016506647678
1017956233664
1018060925920
1017925801774
1018102213216
1017090942531
1017018998252
1017121594339
1017030082846
1018048653542
1018714600950
1017145238167
1017916137543
1017034730489
1017898369241
1017989117178
1016385671328
1018761676343
1017051490050
1017119330756
1018690856798
1016400207999
1017025118980
1018761536274
1017082774199
1018715476333
1018694736029
1016383787338
1017048210319
1016494767433
1017174818975
1016387231410
1017993533198
1016400611134
1016385735102
1017943289416
1018767152384
1017960853547
1018062933709
1016500571338
1017028722864
1017119738066
1018819172637
1018704228600
1016402795683
1016407919245
1018690648782
1018674852288
1016543179093
1017033846943
1018063165388
1017943393412
1017071430269
1016557943007
1017145146700
1017892881160
1018012385994
1017921709874
1018826900617
1018015133666
1017223842436
1018762956797
1018738280049
1018719956359
1018835936763
1018761152963
1016406203493
1017927257961
1018691240695
1018863524046
1016505471883
1017971821308
1017942809224
1018738212321
1018030645748
1017906269607
1018670564739
1016427863813
1018724140444
1018725352550
1016423015434
1017085254215
1018715688898
1017946441416
1016385439516
1017992177005
1016408879691
1016374139623
1017072610319
1016534339390
1017897613736
1016402851142
1016437179407
1018732668814
1016403211377
1018081241233
1017037786830
1017140778073
1016470675558
1016399467685
1017083606277
1017906977383
1017919389293
1018694460240
1018814892617
1018673424292
1016508403718
1017032178957
1017921853045
1016424255285
1018104429368
1018088081331
1016442591815
1018691240349
1018687584751
1017225638936
1017028354214
1016423963695
1016473659053
1017033970728
1018058393973
1017047530624
1018729236830
1018709800621
1018093833577
1018686252214
1017140850243
1017198698186
1017912193632
1018659780598
1018771300821
1016476023054
1018674796563
1017967373621
1016431243850
1018099621486
1016471043395
1017051654216
1018790880996
1018018937678
1018713828857
1016423975562
1018761744236
1017187734120
1017960177532
1017018622654
1017048266034
1018670720536
1018766340003
1018678388087
1018845784661
1016519075889
1017073770008
1017943233683
1016441535590
1017123490030
1017048366134
1016403443250
1018060025484
1018097517590
1017139990404
1017047218211
1017906425265
1016376507515
1016383883494
1016566023571
1018016225240
1017911717369
1017058206173
1018771624304
1018733836169
1017180554173
1016467555024
1017965997716
1016426259469
1018835156629
1016443535183
1018690256532
1016410839726
1017920633528
1017217014507
1018791268235
1017053638466
1017913441926
1017211214524
1016580511891
1018763544325
1017034894258
1017921073925
1017918385455
1016453703656
1018828164491
1017893429649
1017918633559
1017916489482
1018676540441
1017204210012
1018072537271
1017080894951
1018668736307
1016394615390
1018756872401
1017090338234
1017919645875
1016400515507
1016579727466
1016404603365
1017114034215
1018660088830
1016447539929
1016540671309
1018691340547
1018855712987
1018012317071
1018872296791
1016495327444
1017958197241
1017952637570
1016565827629
1018086921455
1016470495783
1018707360619
1017919473167
1018690888726
1016559907069
1018690524473
1017200422260
1017920885457
1018689652532
1017204254290
1017225462698
1017047502424
1017211314044
1018692428047
1017222466826
1016471811397
1016411947913
1016582671445
1018012061449
1017083006879
1018841980367
1018756804522
1016508567390
1017982761838
1017927885781
1018691808804
1017063950030
1017891113325
1016436563780
1017050702627
1018848280416
1017082890650
1017907145535
1017939449450
1018827724091
1016471327949
1016410739198
1018693660177
1018845528404
1017889405676
1016469235078
1017026798955
1018863228150
1016402095942
1016465511448
1017025930915
1018097649999
1018661352160
1018744412843
1018727736592
1017046606481
1018869880202
1016468183624
1016524651992
1017995021456
1017905345959
1017921961926
1018765928674
1017047374962
1018010217522
1017951601398
1016438915941
1018677832732
1017918665417
1016397987565
1017991929246
1018738316318
1017942761096
1018009025252
1017046990522
1016463603018
1017030830267
1016472823102
1016471243984
1018678364611
1016400375962
1016570139545
1017047894218
1018715492243
1018836700191
1017082258377
1017919121729
1017194490478
1018059585318
1016575103440
1018663480134
1017116850727
